0.00000000000000000000	        1.00000000000000000000
0.00100000000000000002	        1.00199797934284884349
0.00200000000000000004	        1.00399183482443521420
0.00300000000000000006	        1.00598144282691537299
0.00400000000000000008	        1.00796668003629652510
0.00500000000000000010	        1.00994742348493415918
0.00600000000000000012	        1.01192355059440552978
0.00700000000000000015	        1.01389493921874085380
0.00800000000000000017	        1.01586146768798935014
0.00900000000000000105	        1.01782301485209858427
0.01000000000000000194	        1.01977946012508335905
0.01100000000000000283	        1.02173068352946150306
0.01200000000000000372	        1.02367656574093279787
0.01300000000000000461	        1.02561698813327595303
0.01400000000000000550	        1.02755183282343942608
0.01500000000000000638	        1.02948098271679922000
0.01600000000000000727	        1.03140432155256056568
0.01700000000000000816	        1.03332173394927351318
0.01800000000000000905	        1.03523310545043845110
0.01900000000000000994	        1.03713832257017335436
0.02000000000000001082	        1.03903727283891500477
0.02100000000000001171	        1.04092984484912687293
0.02200000000000001260	        1.04281592830098479574
0.02300000000000001349	        1.04469541404801313789
0.02400000000000001438	        1.04656819414264057322
0.02500000000000001527	        1.04843416188164950675
0.02600000000000001615	        1.05029321185148605267
0.02700000000000001704	        1.05214523997340592132
0.02800000000000001793	        1.05399014354842202046
0.02900000000000001882	        1.05582782130202779136
0.03000000000000001971	        1.05765817342866474959
0.03100000000000002059	        1.05948110163590469845
0.03200000000000002148	        1.06129650918831752726
0.03300000000000002237	        1.06310430095099439640
0.03400000000000002326	        1.06490438343269699928
0.03500000000000002415	        1.06669666482860314716
0.03600000000000002504	        1.06848105506261936704
0.03700000000000002592	        1.07025746582923142469
0.03800000000000002681	        1.07202581063486390711
0.03900000000000002770	        1.07378600483871933235
0.04000000000000002859	        1.07553796569306925335
0.04100000000000002948	        1.07728161238296915592
0.04200000000000003036	        1.07901686606536806323
0.04300000000000003125	        1.08074364990758731153
0.04400000000000003214	        1.08246188912513940927
0.04500000000000003303	        1.08417151101886322095
0.04600000000000003392	        1.08587244501134572161
0.04700000000000003481	        1.08756462268260856163
0.04800000000000003569	        1.08924797780503124223
0.04900000000000003658	        1.09092244637748891911
0.05000000000000003747	        1.09258796665867952136
0.05100000000000003836	        1.09424447919961775888
0.05200000000000003925	        1.09589192687527403614
0.05300000000000004013	        1.09753025491533451330
0.05400000000000004102	        1.09915941093406388518
0.05500000000000004191	        1.10077934495924956160
0.05600000000000004280	        1.10239000946020682115
0.05700000000000004369	        1.10399135937482850700
0.05800000000000004458	        1.10558335213565905875
0.05900000000000004546	        1.10716594769497800321
0.06000000000000004635	        1.10873910854887625099
0.06100000000000004724	        1.11030279976030921141
0.06200000000000004813	        1.11185698898111429145
0.06300000000000004208	        1.11340164647297767964
0.06400000000000004297	        1.11493674512733975668
0.06500000000000004385	        1.11646226048422758659
0.06600000000000004474	        1.11797817075000316400
0.06700000000000004563	        1.11948445681401920204
0.06800000000000004652	        1.12098110226417446711
0.06900000000000004741	        1.12246809340136022293
0.07000000000000004829	        1.12394541925279312089
0.07100000000000004918	        1.12541307158422831947
0.07200000000000005007	        1.12687104491104950199
0.07300000000000005096	        1.12831933650823224013
0.07400000000000005185	        1.12975794641917959282
0.07500000000000005274	        1.13118687746342749811
0.07600000000000005362	        1.13260613524322217849
0.07700000000000005451	        1.13401572814896978159
0.07800000000000005540	        1.13541566736355981071
0.07900000000000005629	        1.13680596686556700803
0.08000000000000005718	        1.13818664343133590933
0.08100000000000005806	        1.13955771663595184506
0.08200000000000005895	        1.14091920885310771361
0.08300000000000005984	        1.14227114525387052346
0.08400000000000006073	        1.14361355380435991691
0.08500000000000006162	        1.14494646526234444828
0.08600000000000006251	        1.14626991317276849536
0.08700000000000006339	        1.14758393386222024013
0.08800000000000006428	        1.14888856643235270916
0.08900000000000006517	        1.15018385275227208453
0.09000000000000006606	        1.15146983744990638598
0.09100000000000006695	        1.15274656790236940118
0.09200000000000006783	        1.15401409422533673954
0.09300000000000006872	        1.15527246926144933070
0.09400000000000006961	        1.15652174856776279732
0.09500000000000007050	        1.15776199040226046577
0.09600000000000007139	        1.15899325570944888852
0.09700000000000007228	        1.16021560810505608430
0.09800000000000007316	        1.16142911385985181383
0.09900000000000007405	        1.16263384188261209573
0.10000000000000007494	        1.16382986370224839057
0.10100000000000007583	        1.16501725344912610005
0.10200000000000007672	        1.16619608783559169929
0.10300000000000007760	        1.16736644613573514739
0.10400000000000007849	        1.16852841016440933686
0.10500000000000007938	        1.16968206425553256089
0.10600000000000008027	        1.17082749523969753547
0.10700000000000008116	        1.17196479242111362140
0.10800000000000008205	        1.17309404755390622732
0.10900000000000008293	        1.17421535481780159316
0.11000000000000008382	        1.17532881079322093498
0.11100000000000008471	        1.17643451443581259497
0.11200000000000008560	        1.17753256705044817565
0.11300000000000008649	        1.17862307226470974797
0.11400000000000008737	        1.17970613600189655479
0.11500000000000008826	        1.18078186645357696705
0.11600000000000008915	        1.18185037405171478042
0.11700000000000009004	        1.18291177144039738600
0.11800000000000009093	        1.18396617344719312648
0.11900000000000009182	        1.18501369705416692568
0.12000000000000009270	        1.18605446136857994865
0.12100000000000009359	        1.18708858759330415644
0.12200000000000009448	        1.18811619899697751279
0.12300000000000009537	        1.18913742088392737628
0.12400000000000009626	        1.19015238056389249799
0.12500000000000008327	        1.19116120732156827167
0.12600000000000008415	        1.19216403238600388015
0.12700000000000008504	        1.19316098889987975973
0.12800000000000008593	        1.19415221188869002944
0.12900000000000008682	        1.19513783822985963923
0.13000000000000008771	        1.19611800662182088395
0.13100000000000008860	        1.19709285755307637267
0.13200000000000008948	        1.19806253327127509856
0.13300000000000009037	        1.19902717775232647845
0.13400000000000009126	        1.19998693666957856330
0.13500000000000009215	        1.20094195736308595457
0.13600000000000009304	        1.20189238880899185169
0.13700000000000009392	        1.20283838158904843318
0.13800000000000009481	        1.20378008786030021859
0.13900000000000009570	        1.20471766132495439194
0.14000000000000009659	        1.20565125720046051327
0.14100000000000009748	        1.20658103218982382110
0.14200000000000009837	        1.20750714445217299797
0.14300000000000009925	        1.20842975357360638000
0.14400000000000010014	        1.20934902053833659430
0.14500000000000010103	        1.21026510770015560681
0.14600000000000010192	        1.21117817875424083063
0.14700000000000010281	        1.21208839870932205685
0.14800000000000010369	        1.21299593386022985797
0.14900000000000010458	        1.21390095176084367168
0.15000000000000010547	        1.21480362119745932681
0.15100000000000010636	        1.21570411216259377518
0.15200000000000010725	        1.21660259582924479282
0.15300000000000010814	        1.21749924452562363619
0.15400000000000010902	        1.21839423171037664062
0.15500000000000010991	        1.21928773194831241433
0.15600000000000011080	        1.22017992088665150341
0.15700000000000011169	        1.22107097523181162835
0.15800000000000011258	        1.22196107272674669986
0.15900000000000011346	        1.22285039212885005000
0.16000000000000011435	        1.22373911318844008633
0.16100000000000011524	        1.22462741662783813901
0.16200000000000011613	        1.22551548412105359986
0.16300000000000011702	        1.22640349827408901007
0.16400000000000011791	        1.22729164260587619850
0.16500000000000011879	        1.22818010152985523931
0.16600000000000011968	        1.22906906033620866303
0.16700000000000012057	        1.22995870517476024730
0.16800000000000012146	        1.23084922303855015535
0.16900000000000012235	        1.23174080174809486010
0.17000000000000012323	        1.23263362993634295606
0.17100000000000012412	        1.23352789703433529667
0.17200000000000012501	        1.23442379325757789488
0.17300000000000012590	        1.23532150959313735683
0.17400000000000012679	        1.23622123778746551004
0.17500000000000012768	        1.23712317033496255192
0.17600000000000012856	        1.23802750046728382571
0.17700000000000012945	        1.23893442214340021579
0.17800000000000013034	        1.23984413004041638118
0.17900000000000013123	        1.24075681954515526506
0.18000000000000013212	        1.24167268674651465332
0.18100000000000013300	        1.24259192842860066719
0.18200000000000013389	        1.24351474206464507333
0.18300000000000013478	        1.24444132581171240659
0.18400000000000013567	        1.24537187850620045815
0.18500000000000013656	        1.24630659966014056828
0.18600000000000013745	        1.24724568945830283084
0.18700000000000013833	        1.24818934875610954016
0.18800000000000013922	        1.24913777907836309744
0.18900000000000014011	        1.25009118261879081935
0.19000000000000014100	        1.25104976224041442023
0.19100000000000014189	        1.25201372147674327984
0.19200000000000014277	        1.25298326453380082235
0.19300000000000014366	        1.25395859629298445093
0.19400000000000014455	        1.25493992231476436672
0.19500000000000014544	        1.25592744884322526921
0.19600000000000014633	        1.25692138281145426859
0.19700000000000014722	        1.25792193184777922887
0.19800000000000014810	        1.25892930428286220490
0.19900000000000014899	        1.25994370915764930530
0.20000000000000014988	        1.26096535623218453104
0.20100000000000015077	        1.26199445599528869977
0.20200000000000015166	        1.26303121967510834089
0.20300000000000015254	        1.26407585925053944642
0.20400000000000015343	        1.26512858746352940820
0.20500000000000015432	        1.26618961783226247064
0.20600000000000015521	        1.26725916466523136350
0.20700000000000015610	        1.26833744307620222003
0.20800000000000015699	        1.26942466900007544517
0.20900000000000015787	        1.27052105920964941710
0.21000000000000015876	        1.27162683133329035279
0.21100000000000015965	        1.27274220387351588712
0.21200000000000016054	        1.27386739622649591830
0.21300000000000016143	        1.27500262870247782487
0.21400000000000016231	        1.27614812254714338202
0.21500000000000016320	        1.27730409996390115168
0.21600000000000016409	        1.27847078413712322842
0.21700000000000016498	        1.27964839925633366846
0.21800000000000016587	        1.28083717054135504121
0.21900000000000016676	        1.28203732426842154091
0.22000000000000016764	        1.28324908779726643004
0.22100000000000016853	        1.28447268959919380649
0.22200000000000016942	        1.28570835928614268795
0.22300000000000017031	        1.28695632764075340582
0.22400000000000017120	        1.28821682664744585622
0.22500000000000017208	        1.28949008952452159882
0.22600000000000017297	        1.29077635075729846292
0.22700000000000017386	        1.29207584613229231607
0.22800000000000017475	        1.29338881277245532075
0.22900000000000017564	        1.29471548917348489027
0.23000000000000017653	        1.29605611524121644429
0.23100000000000017741	        1.29741093233011439700
0.23200000000000017830	        1.29878018328287470062
0.23300000000000017919	        1.30016411247115493133
0.23400000000000018008	        1.30156296583744879314
0.23500000000000018097	        1.30297699093811991666
0.23600000000000018185	        1.30440643698761449265
0.23700000000000018274	        1.30585155490386872756
0.23800000000000018363	        1.30731259735493154928
0.23900000000000018452	        1.30878981880682232486
0.24000000000000018541	        1.31028347557264490675
0.24100000000000018630	        1.31179382586297665902
0.24200000000000018718	        1.31332112983755977531
0.24300000000000018807	        1.31486564965831376206
0.24400000000000018896	        1.31642764954369639874
0.24500000000000018985	        1.31800739582443826592
0.24600000000000019074	        1.31960515700067571032
0.24700000000000019162	        1.32122120380051266686
0.24800000000000019251	        1.32285580924003709491
0.24900000000000019340	        1.32450924868482489138
0.25000000000000016653	        1.32618179991296036846
0.25100000000000016742	        1.32787374317960593650
0.25200000000000016831	        1.32958536128315629732
0.25300000000000016920	        1.33131693963301001027
0.25400000000000017009	        1.33306876631899684504
0.25500000000000017097	        1.33484113218249689226
0.25600000000000017186	        1.33663433088929273218
0.25700000000000017275	        1.33844865900419440763
0.25800000000000017364	        1.34028441606747938941
0.25900000000000017453	        1.34214190467319327560
0.26000000000000017542	        1.34402143054935541144
0.26100000000000017630	        1.34592330264011783569
0.26200000000000017719	        1.34784783318992751333
0.26300000000000017808	        1.34979533782974203682
0.26400000000000017897	        1.35176613566535341882
0.26500000000000017986	        1.35376054936787459937
0.26600000000000018074	        1.35577890526644639912
0.26700000000000018163	        1.35782153344322509270
0.26800000000000018252	        1.35988876783071188648
0.26900000000000018341	        1.36198094631148980405
0.27000000000000018430	        1.36409841082043303828
0.27100000000000018519	        1.36624150744946049052
0.27200000000000018607	        1.36841058655490344087
0.27300000000000018696	        1.37060600286756395505
0.27400000000000018785	        1.37282811560554085517
0.27500000000000018874	        1.37507728858990296850
0.27600000000000018963	        1.37735389036329625156
0.27700000000000019051	        1.37965829431156805640
0.27800000000000019140	        1.38199087878850224165
0.27900000000000019229	        1.38435202724375705507
0.28000000000000019318	        1.38674212835410304301
0.28100000000000019407	        1.38916157615806334924
0.28200000000000019496	        1.39161077019406120847
0.28300000000000019584	        1.39409011564218210388
0.28400000000000019673	        1.39660002346966716225
0.28500000000000019762	        1.39914091058025236158
0.28600000000000019851	        1.40171319996747811842
0.28700000000000019940	        1.40431732087209537596
0.28800000000000020028	        1.40695370894370164194
0.28900000000000020117	        1.40962280640674286758
0.29000000000000020206	        1.41232506223102527443
0.29100000000000020295	        1.41506093230688501095
0.29200000000000020384	        1.41783087962517018177
0.29300000000000020473	        1.42063537446219689819
0.29400000000000020561	        1.42347489456984432898
0.29500000000000020650	        1.42634992537096483289
0.29600000000000020739	        1.42926096016028902902
0.29700000000000020828	        1.43220850031101343269
0.29800000000000020917	        1.43519305548726761046
0.29900000000000021005	        1.43821514386266402497
0.30000000000000021094	        1.44127529234514328849
0.30100000000000021183	        1.44437403680833575947
0.30200000000000021272	        1.44751192232966974238
0.30300000000000021361	        1.45068950343546498871
0.30400000000000021450	        1.45390734435326418605
0.30500000000000021538	        1.45716601927165956276
0.30600000000000021627	        1.46046611260788816722
0.30700000000000021716	        1.46380821928347781835
0.30800000000000021805	        1.46719294500823971283
0.30900000000000021894	        1.47062090657291344442
0.31000000000000021982	        1.47409273215078773234
0.31100000000000022071	        1.47760906160863081382
0.31200000000000022160	        1.48117054682727888881
0.31300000000000022249	        1.48477785203224965649
0.31400000000000022338	        1.48843165413475952974
0.31500000000000022427	        1.49213264308354487397
0.31600000000000022515	        1.49588152222790049528
0.31700000000000022604	        1.49967900869237080741
0.31800000000000022693	        1.50352583376354731470
0.31900000000000022782	        1.50742274328944669826
0.32000000000000022871	        1.51137049809196533090
0.32100000000000022959	        1.51536987439292913926
0.32200000000000023048	        1.51942166425428104581
0.32300000000000023137	        1.52352667603297553534
0.32400000000000023226	        1.52768573485117165056
0.32500000000000023315	        1.53189968308235036076
0.32600000000000023404	        1.53616938085400511760
0.32700000000000023492	        1.54049570656759082787
0.32800000000000023581	        1.54487955743644400641
0.32900000000000023670	        1.54932185004242706228
0.33000000000000023759	        1.55382352091208097988
0.33100000000000023848	        1.55838552711311129073
0.33200000000000023936	        1.56300884687207330970
0.33300000000000024025	        1.56769448021416502037
0.33400000000000024114	        1.57244344962607818239
0.33500000000000024203	        1.57725680074291174648
0.33600000000000024292	        1.58213560306019740409
0.33700000000000024380	        1.58708095067214127738
0.33800000000000024469	        1.59209396303724437516
0.33900000000000024558	        1.59717578577252261596
0.34000000000000024647	        1.60232759147760872587
0.34100000000000024736	        1.60755058059009026117
0.34200000000000024825	        1.61284598227350262079
0.34300000000000024913	        1.61821505533947762601
0.34400000000000025002	        1.62365908920562240780
0.34500000000000025091	        1.62917940489079149380
0.34600000000000025180	        1.63477735604950336068
0.34700000000000025269	        1.64045433004734997340
0.34800000000000025357	        1.64621174907934397780
0.34900000000000025446	        1.65205107133326434266
0.35000000000000025535	        1.65797379220016605217
0.35100000000000025624	        1.66398144553435001214
0.35200000000000025713	        1.67007560496521101356
0.35300000000000025802	        1.67625788526352614838
0.35400000000000025890	        1.68252994376488751449
0.35500000000000025979	        1.68889348185314402961
0.35600000000000026068	        1.69535024650687948800
0.35700000000000026157	        1.70190203191213584866
0.35800000000000026246	        1.70855068114477748331
0.35900000000000026334	        1.71529808792609750334
0.36000000000000026423	        1.72214619845548067012
0.36100000000000026512	        1.72909701332417076181
0.36200000000000026601	        1.73615258951443829361
0.36300000000000026690	        1.74331504248870694518
0.36400000000000026779	        1.75058654837348104394
0.36500000000000026867	        1.75796934624322087615
0.36600000000000026956	        1.76546574050963700486
0.36700000000000027045	        1.77307810342222338384
0.36800000000000027134	        1.78080887768622209144
0.36900000000000027223	        1.78866057920461729580
0.37000000000000027311	        1.79663579995118172228
0.37100000000000027400	        1.80473721098206940638
0.37200000000000027489	        1.81296756559394101060
0.37300000000000027578	        1.82132970263714688564
0.37400000000000027667	        1.82982654999307259303
0.37500000000000027756	        1.83846112822537022247
0.37600000000000027844	        1.84723655441547229827
0.37700000000000027933	        1.85615604619351093341
0.37800000000000028022	        1.86522292597654160140
0.37900000000000028111	        1.87444062542682243766
0.38000000000000028200	        1.88381269014380725579
0.38100000000000028288	        1.89334278460450411430
0.38200000000000028377	        1.90303469736791752709
0.38300000000000028466	        1.91289234656045481486
0.38400000000000028555	        1.92291978566043386678
0.38500000000000028644	        1.93312120960119582236
0.38600000000000028733	        1.94350096121380699898
0.38700000000000028821	        1.95406353803194887675
0.38800000000000028910	        1.96481359948334732834
0.38900000000000028999	        1.97575597449400341965
0.39000000000000029088	        1.98689566953356622214
0.39100000000000029177	        1.99823787713246447950
0.39200000000000029265	        2.00978798490388710363
0.39300000000000029354	        2.02155158510641408398
0.39400000000000029443	        2.03353448478606457783
0.39500000000000029532	        2.04574271653976724750
0.39600000000000029621	        2.05818254994582128248
0.39700000000000029710	        2.07086050371081276111
0.39800000000000029798	        2.08378335858673313652
0.39900000000000029887	        2.09695817111676063860
0.40000000000000029976	        2.11039228827334612859
0.40100000000000030065	        2.12409336305795370947
0.40200000000000030154	        2.13806937113810135997
0.40300000000000030242	        2.15232862860430884666
0.40400000000000030331	        2.16687981093723847081
0.40500000000000030420	        2.18173197328382739713
0.40600000000000030509	        2.19689457215063921325
0.40700000000000030598	        2.21237748863312422287
0.40800000000000030687	        2.22819105331110112189
0.40900000000000030775	        2.24434607295370680546
0.41000000000000030864	        2.26085385919146686362
0.41100000000000030953	        2.27772625932920513847
0.41200000000000031042	        2.29497568949147323636
0.41300000000000031131	        2.31261517031226082608
0.41400000000000031219	        2.33065836540325310722
0.41500000000000031308	        2.34911962286016695600
0.41600000000000031397	        2.36801402009507544477
0.41700000000000031486	        2.38735741231460085743
0.41800000000000031575	        2.40716648499989549492
0.41900000000000031664	        2.42745881078504988082
0.42000000000000031752	        2.44825291117664578522
0.42100000000000031841	        2.46956832360942213356
0.42200000000000031930	        2.49142567439236195526
0.42300000000000032019	        2.51384675816705494000
0.42400000000000032108	        2.53685462457721389029
0.42500000000000032196	        2.56047367293625161011
0.42600000000000032285	        2.58472975578062413859
0.42700000000000032374	        2.60965029231235146057
0.42800000000000032463	        2.63526439286721458899
0.42900000000000032552	        2.66160299569859981617
0.43000000000000032641	        2.68869901754434659225
0.43100000000000032729	        2.71658751964951328262
0.43200000000000032818	        2.74530589115678713696
0.43300000000000032907	        2.77489405205448758096
0.43400000000000032996	        2.80539467819712440289
0.43500000000000033085	        2.83685345129426602639
0.43600000000000033173	        2.86931933721099019508
0.43700000000000033262	        2.90284489645071897002
0.43800000000000033351	        2.93748663131517773195
0.43900000000000033440	        2.97330537497664826319
0.44000000000000033529	        3.01036672857947840143
0.44100000000000033618	        3.04874155354184228628
0.44200000000000033706	        3.08850652749346998860
0.44300000000000033795	        3.12974477380873850052
0.44400000000000033884	        3.17254657653781624305
0.44500000000000033973	        3.21701019477836780425
0.44600000000000034062	        3.26324279326442834304
0.44700000000000034150	        3.31136150930267003645
0.44800000000000034239	        3.36149468032055231959
0.44900000000000034328	        3.41378326141468058097
0.45000000000000034417	        3.46838246867345434410
0.45100000000000034506	        3.52546369205358711696
0.45200000000000034595	        3.58521673168862919923
0.45300000000000034683	        3.64785242433036360765
0.45400000000000034772	        3.71360574301918466844
0.45500000000000034861	        3.78273947419757616828
0.45600000000000034950	        3.85554860389557729761
0.45700000000000035039	        3.93236558050358198102
0.45800000000000035127	        4.01356666904261505380
0.45900000000000035216	        4.09957967503237785678
0.46000000000000035305	        4.19089340116719011320
0.46100000000000035394	        4.28806931590029716261
0.46200000000000035483	        4.39175607270417334149
0.46300000000000035572	        4.50270774156248343445
0.46400000000000035660	        4.62180692941218307368
0.46500000000000035749	        4.75009441880153726601
0.46600000000000035838	        4.88880761452539580603
0.46700000000000035927	        5.03943106936131535178
0.46800000000000036016	        5.20376384706968320160
0.46900000000000036104	        5.38401078361768448133
0.47000000000000036193	        5.58290836092612519082
0.47100000000000036282	        5.80390186242410166528
0.47200000000000036371	        6.05140048724469892250
0.47300000000000036460	        6.33115451176023746882
0.47400000000000036549	        6.65083011250853672891
0.47500000000000036637	        7.02091724364215608034
0.47600000000000036726	        7.45622564921588981690
0.47700000000000036815	        7.97847980940186118914
0.47800000000000036904	        8.62111502204572310859
0.47900000000000036993	        9.43888707184941821993
0.48000000000000037081	       10.52929287924397172560
0.48100000000000037170	       12.08796050712843950237
0.48200000000000037259	       14.58793013807609817434
0.48300000000000037348	       19.64094333688400695337
0.48400000000000037437	       41.63080662688703625918
0.48500000000000037526	1847135320.31282162666320800781
0.48600000000000037614	                           inf
0.48700000000000037703	                           inf
0.48800000000000037792	                           inf
0.48900000000000037881	                           inf
0.49000000000000037970	                           inf
0.49100000000000038058	                           inf
0.49200000000000038147	                           inf
0.49300000000000038236	                           inf
0.49400000000000038325	                           inf
0.49500000000000038414	                           inf
0.49600000000000038503	                           inf
0.49700000000000038591	                           inf
0.49800000000000038680	                           inf
0.49900000000000038769	                           inf
0.50000000000000033307	                           inf
0.50100000000000033396	                           inf
0.50200000000000033484	                           inf
0.50300000000000033573	                           inf
0.50400000000000033662	                           inf
0.50500000000000033751	                           inf
0.50600000000000033840	                           inf
0.50700000000000033928	                           inf
0.50800000000000034017	                           inf
0.50900000000000034106	                           inf
0.51000000000000034195	                           inf
0.51100000000000034284	                           inf
0.51200000000000034373	                           inf
0.51300000000000034461	                           inf
0.51400000000000034550	                           inf
0.51500000000000034639	                           inf
0.51600000000000034728	                           inf
0.51700000000000034817	                           inf
0.51800000000000034905	                           inf
0.51900000000000034994	                           inf
0.52000000000000035083	                           inf
0.52100000000000035172	                           inf
0.52200000000000035261	                           inf
0.52300000000000035350	                           inf
0.52400000000000035438	                           inf
0.52500000000000035527	                           inf
0.52600000000000035616	                           inf
0.52700000000000035705	                           inf
0.52800000000000035794	                           inf
0.52900000000000035882	                           inf
0.53000000000000035971	                           inf
0.53100000000000036060	                           inf
0.53200000000000036149	                           inf
0.53300000000000036238	                           inf
0.53400000000000036326	                           inf
0.53500000000000036415	                           inf
0.53600000000000036504	                           inf
0.53700000000000036593	                           inf
0.53800000000000036682	                           inf
0.53900000000000036771	                           inf
0.54000000000000036859	                           inf
0.54100000000000036948	                           inf
0.54200000000000037037	                           inf
0.54300000000000037126	                           inf
0.54400000000000037215	                           inf
0.54500000000000037303	                           inf
0.54600000000000037392	                           inf
0.54700000000000037481	                           inf
0.54800000000000037570	                           inf
0.54900000000000037659	                           inf
0.55000000000000037748	                           inf
0.55100000000000037836	                           inf
0.55200000000000037925	                           inf
0.55300000000000038014	                           inf
0.55400000000000038103	                           inf
0.55500000000000038192	                           inf
0.55600000000000038280	                           inf
0.55700000000000038369	                           inf
0.55800000000000038458	                           inf
0.55900000000000038547	                           inf
0.56000000000000038636	                           inf
0.56100000000000038725	                           inf
0.56200000000000038813	                           inf
0.56300000000000038902	                           inf
0.56400000000000038991	                           inf
0.56500000000000039080	                           inf
0.56600000000000039169	                           inf
0.56700000000000039257	                           inf
0.56800000000000039346	                           inf
0.56900000000000039435	                           inf
0.57000000000000039524	                           inf
0.57100000000000039613	                           inf
0.57200000000000039702	                           inf
0.57300000000000039790	                           inf
0.57400000000000039879	                           inf
0.57500000000000039968	                           inf
0.57600000000000040057	                           inf
0.57700000000000040146	                           inf
0.57800000000000040234	                           inf
0.57900000000000040323	                           inf
0.58000000000000040412	                           inf
0.58100000000000040501	                           inf
0.58200000000000040590	                           inf
0.58300000000000040679	                           inf
0.58400000000000040767	                           inf
0.58500000000000040856	                           inf
0.58600000000000040945	                           inf
0.58700000000000041034	                           inf
0.58800000000000041123	                           inf
0.58900000000000041211	                           inf
0.59000000000000041300	                           inf
0.59100000000000041389	                           inf
0.59200000000000041478	                           inf
0.59300000000000041567	                           inf
0.59400000000000041656	                           inf
0.59500000000000041744	                           inf
0.59600000000000041833	                           inf
0.59700000000000041922	                           inf
0.59800000000000042011	                           inf
0.59900000000000042100	                           inf
0.60000000000000042188	                           inf
0.60100000000000042277	                           inf
0.60200000000000042366	                           inf
0.60300000000000042455	                           inf
0.60400000000000042544	                           inf
0.60500000000000042633	                           inf
0.60600000000000042721	                           inf
0.60700000000000042810	                           inf
0.60800000000000042899	                           inf
0.60900000000000042988	                           inf
0.61000000000000043077	                           inf
0.61100000000000043165	                           inf
0.61200000000000043254	                           inf
0.61300000000000043343	                           inf
0.61400000000000043432	                           inf
0.61500000000000043521	                           inf
0.61600000000000043610	                           inf
0.61700000000000043698	                           inf
0.61800000000000043787	                           inf
0.61900000000000043876	                           inf
0.62000000000000043965	                           inf
0.62100000000000044054	                           inf
0.62200000000000044142	                           inf
0.62300000000000044231	                           inf
0.62400000000000044320	                           inf
0.62500000000000044409	                           inf
0.62600000000000044498	                           inf
0.62700000000000044587	                           inf
0.62800000000000044675	                           inf
0.62900000000000044764	                     -nan(ind)
0.63000000000000044853	                     -nan(ind)
0.63100000000000044942	                     -nan(ind)
0.63200000000000045031	                     -nan(ind)
0.63300000000000045119	                     -nan(ind)
0.63400000000000045208	                     -nan(ind)
0.63500000000000045297	                     -nan(ind)
0.63600000000000045386	                     -nan(ind)
0.63700000000000045475	                     -nan(ind)
0.63800000000000045564	                     -nan(ind)
0.63900000000000045652	                     -nan(ind)
0.64000000000000045741	                     -nan(ind)
0.64100000000000045830	                     -nan(ind)
0.64200000000000045919	                     -nan(ind)
0.64300000000000046008	                     -nan(ind)
0.64400000000000046096	                     -nan(ind)
0.64500000000000046185	                     -nan(ind)
0.64600000000000046274	                     -nan(ind)
0.64700000000000046363	                     -nan(ind)
0.64800000000000046452	                     -nan(ind)
0.64900000000000046541	                     -nan(ind)
0.65000000000000046629	                     -nan(ind)
0.65100000000000046718	                     -nan(ind)
0.65200000000000046807	                     -nan(ind)
0.65300000000000046896	                     -nan(ind)
0.65400000000000046985	                     -nan(ind)
0.65500000000000047073	                     -nan(ind)
0.65600000000000047162	                     -nan(ind)
0.65700000000000047251	                     -nan(ind)
0.65800000000000047340	                     -nan(ind)
0.65900000000000047429	                     -nan(ind)
0.66000000000000047518	                     -nan(ind)
0.66100000000000047606	                     -nan(ind)
0.66200000000000047695	                     -nan(ind)
0.66300000000000047784	                     -nan(ind)
0.66400000000000047873	                     -nan(ind)
0.66500000000000047962	                     -nan(ind)
0.66600000000000048050	                     -nan(ind)
0.66700000000000048139	                     -nan(ind)
0.66800000000000048228	                     -nan(ind)
0.66900000000000048317	                     -nan(ind)
0.67000000000000048406	                     -nan(ind)
0.67100000000000048495	                     -nan(ind)
0.67200000000000048583	                     -nan(ind)
0.67300000000000048672	                     -nan(ind)
0.67400000000000048761	                     -nan(ind)
0.67500000000000048850	                     -nan(ind)
0.67600000000000048939	                     -nan(ind)
0.67700000000000049027	                     -nan(ind)
0.67800000000000049116	                     -nan(ind)
0.67900000000000049205	                     -nan(ind)
0.68000000000000049294	                     -nan(ind)
0.68100000000000049383	                     -nan(ind)
0.68200000000000049472	                     -nan(ind)
0.68300000000000049560	                     -nan(ind)
0.68400000000000049649	                     -nan(ind)
0.68500000000000049738	                     -nan(ind)
0.68600000000000049827	                     -nan(ind)
0.68700000000000049916	                     -nan(ind)
0.68800000000000050004	                     -nan(ind)
0.68900000000000050093	                     -nan(ind)
0.69000000000000050182	                     -nan(ind)
0.69100000000000050271	                     -nan(ind)
0.69200000000000050360	                     -nan(ind)
0.69300000000000050449	                     -nan(ind)
0.69400000000000050537	                     -nan(ind)
0.69500000000000050626	                     -nan(ind)
0.69600000000000050715	                     -nan(ind)
0.69700000000000050804	                     -nan(ind)
0.69800000000000050893	                     -nan(ind)
0.69900000000000050981	                     -nan(ind)
0.70000000000000051070	                     -nan(ind)
0.70100000000000051159	                     -nan(ind)
0.70200000000000051248	                     -nan(ind)
0.70300000000000051337	                     -nan(ind)
0.70400000000000051426	                     -nan(ind)
0.70500000000000051514	                     -nan(ind)
0.70600000000000051603	                     -nan(ind)
0.70700000000000051692	                     -nan(ind)
0.70800000000000051781	                     -nan(ind)
0.70900000000000051870	                     -nan(ind)
0.71000000000000051958	                     -nan(ind)
0.71100000000000052047	                     -nan(ind)
0.71200000000000052136	                     -nan(ind)
0.71300000000000052225	                     -nan(ind)
0.71400000000000052314	                     -nan(ind)
0.71500000000000052403	                     -nan(ind)
0.71600000000000052491	                     -nan(ind)
0.71700000000000052580	                     -nan(ind)
0.71800000000000052669	                     -nan(ind)
0.71900000000000052758	                     -nan(ind)
0.72000000000000052847	                     -nan(ind)
0.72100000000000052935	                     -nan(ind)
0.72200000000000053024	                     -nan(ind)
0.72300000000000053113	                     -nan(ind)
0.72400000000000053202	                     -nan(ind)
0.72500000000000053291	                     -nan(ind)
0.72600000000000053380	                     -nan(ind)
0.72700000000000053468	                     -nan(ind)
0.72800000000000053557	                     -nan(ind)
0.72900000000000053646	                     -nan(ind)
0.73000000000000053735	                     -nan(ind)
0.73100000000000053824	                     -nan(ind)
0.73200000000000053912	                     -nan(ind)
0.73300000000000054001	                     -nan(ind)
0.73400000000000054090	                     -nan(ind)
0.73500000000000054179	                     -nan(ind)
0.73600000000000054268	                     -nan(ind)
0.73700000000000054357	                     -nan(ind)
0.73800000000000054445	                     -nan(ind)
0.73900000000000054534	                     -nan(ind)
0.74000000000000054623	                     -nan(ind)
0.74100000000000054712	                     -nan(ind)
0.74200000000000054801	                     -nan(ind)
0.74300000000000054889	                     -nan(ind)
0.74400000000000054978	                     -nan(ind)
0.74500000000000055067	                     -nan(ind)
0.74600000000000055156	                     -nan(ind)
0.74700000000000055245	                     -nan(ind)
0.74800000000000055334	                     -nan(ind)
0.74900000000000055422	                     -nan(ind)
0.75000000000000055511	                     -nan(ind)
0.75100000000000055600	                     -nan(ind)
0.75200000000000055689	                     -nan(ind)
0.75300000000000055778	                     -nan(ind)
0.75400000000000055866	                     -nan(ind)
0.75500000000000055955	                     -nan(ind)
0.75600000000000056044	                     -nan(ind)
0.75700000000000056133	                     -nan(ind)
0.75800000000000056222	                     -nan(ind)
0.75900000000000056311	                     -nan(ind)
0.76000000000000056399	                     -nan(ind)
0.76100000000000056488	                     -nan(ind)
0.76200000000000056577	                     -nan(ind)
0.76300000000000056666	                     -nan(ind)
0.76400000000000056755	                     -nan(ind)
0.76500000000000056843	                     -nan(ind)
0.76600000000000056932	                     -nan(ind)
0.76700000000000057021	                     -nan(ind)
0.76800000000000057110	                     -nan(ind)
0.76900000000000057199	                     -nan(ind)
0.77000000000000057288	                     -nan(ind)
0.77100000000000057376	                     -nan(ind)
0.77200000000000057465	                     -nan(ind)
0.77300000000000057554	                     -nan(ind)
0.77400000000000057643	                     -nan(ind)
0.77500000000000057732	                     -nan(ind)
0.77600000000000057820	                     -nan(ind)
0.77700000000000057909	                     -nan(ind)
0.77800000000000057998	                     -nan(ind)
0.77900000000000058087	                     -nan(ind)
0.78000000000000058176	                     -nan(ind)
0.78100000000000058265	                     -nan(ind)
0.78200000000000058353	                     -nan(ind)
0.78300000000000058442	                     -nan(ind)
0.78400000000000058531	                     -nan(ind)
0.78500000000000058620	                     -nan(ind)
0.78600000000000058709	                     -nan(ind)
0.78700000000000058797	                     -nan(ind)
0.78800000000000058886	                     -nan(ind)
0.78900000000000058975	                     -nan(ind)
0.79000000000000059064	                     -nan(ind)
0.79100000000000059153	                     -nan(ind)
0.79200000000000059242	                     -nan(ind)
0.79300000000000059330	                     -nan(ind)
0.79400000000000059419	                     -nan(ind)
0.79500000000000059508	                     -nan(ind)
0.79600000000000059597	                     -nan(ind)
0.79700000000000059686	                     -nan(ind)
0.79800000000000059774	                     -nan(ind)
0.79900000000000059863	                     -nan(ind)
0.80000000000000059952	                     -nan(ind)
0.80100000000000060041	                     -nan(ind)
0.80200000000000060130	                     -nan(ind)
0.80300000000000060218	                     -nan(ind)
0.80400000000000060307	                     -nan(ind)
0.80500000000000060396	                     -nan(ind)
0.80600000000000060485	                     -nan(ind)
0.80700000000000060574	                     -nan(ind)
0.80800000000000060663	                     -nan(ind)
0.80900000000000060751	                     -nan(ind)
0.81000000000000060840	                     -nan(ind)
0.81100000000000060929	                     -nan(ind)
0.81200000000000061018	                     -nan(ind)
0.81300000000000061107	                     -nan(ind)
0.81400000000000061195	                     -nan(ind)
0.81500000000000061284	                     -nan(ind)
0.81600000000000061373	                     -nan(ind)
0.81700000000000061462	                     -nan(ind)
0.81800000000000061551	                     -nan(ind)
0.81900000000000061640	                     -nan(ind)
0.82000000000000061728	                     -nan(ind)
0.82100000000000061817	                     -nan(ind)
0.82200000000000061906	                     -nan(ind)
0.82300000000000061995	                     -nan(ind)
0.82400000000000062084	                     -nan(ind)
0.82500000000000062172	                     -nan(ind)
0.82600000000000062261	                     -nan(ind)
0.82700000000000062350	                     -nan(ind)
0.82800000000000062439	                     -nan(ind)
0.82900000000000062528	                     -nan(ind)
0.83000000000000062617	                     -nan(ind)
0.83100000000000062705	                     -nan(ind)
0.83200000000000062794	                     -nan(ind)
0.83300000000000062883	                     -nan(ind)
0.83400000000000062972	                     -nan(ind)
0.83500000000000063061	                     -nan(ind)
0.83600000000000063149	                     -nan(ind)
0.83700000000000063238	                     -nan(ind)
0.83800000000000063327	                     -nan(ind)
0.83900000000000063416	                     -nan(ind)
0.84000000000000063505	                     -nan(ind)
0.84100000000000063594	                     -nan(ind)
0.84200000000000063682	                     -nan(ind)
0.84300000000000063771	                     -nan(ind)
0.84400000000000063860	                     -nan(ind)
0.84500000000000063949	                     -nan(ind)
0.84600000000000064038	                     -nan(ind)
0.84700000000000064126	                     -nan(ind)
0.84800000000000064215	                     -nan(ind)
0.84900000000000064304	                     -nan(ind)
0.85000000000000064393	                     -nan(ind)
0.85100000000000064482	                     -nan(ind)
0.85200000000000064571	                     -nan(ind)
0.85300000000000064659	                     -nan(ind)
0.85400000000000064748	                     -nan(ind)
0.85500000000000064837	                     -nan(ind)
0.85600000000000064926	                     -nan(ind)
0.85700000000000065015	                     -nan(ind)
0.85800000000000065103	                     -nan(ind)
0.85900000000000065192	                     -nan(ind)
0.86000000000000065281	                     -nan(ind)
0.86100000000000065370	                     -nan(ind)
0.86200000000000065459	                     -nan(ind)
0.86300000000000065548	                     -nan(ind)
0.86400000000000065636	                     -nan(ind)
0.86500000000000065725	                     -nan(ind)
0.86600000000000065814	                     -nan(ind)
0.86700000000000065903	                     -nan(ind)
0.86800000000000065992	                     -nan(ind)
0.86900000000000066080	                     -nan(ind)
0.87000000000000066169	                     -nan(ind)
0.87100000000000066258	                     -nan(ind)
0.87200000000000066347	                     -nan(ind)
0.87300000000000066436	                     -nan(ind)
0.87400000000000066525	                     -nan(ind)
0.87500000000000066613	                     -nan(ind)
0.87600000000000066702	                     -nan(ind)
0.87700000000000066791	                     -nan(ind)
0.87800000000000066880	                     -nan(ind)
0.87900000000000066969	                     -nan(ind)
0.88000000000000067057	                     -nan(ind)
0.88100000000000067146	                     -nan(ind)
0.88200000000000067235	                     -nan(ind)
0.88300000000000067324	                     -nan(ind)
0.88400000000000067413	                     -nan(ind)
0.88500000000000067502	                     -nan(ind)
0.88600000000000067590	                     -nan(ind)
0.88700000000000067679	                     -nan(ind)
0.88800000000000067768	                     -nan(ind)
0.88900000000000067857	                     -nan(ind)
0.89000000000000067946	                     -nan(ind)
0.89100000000000068034	                     -nan(ind)
0.89200000000000068123	                     -nan(ind)
0.89300000000000068212	                     -nan(ind)
0.89400000000000068301	                     -nan(ind)
0.89500000000000068390	                     -nan(ind)
0.89600000000000068479	                     -nan(ind)
0.89700000000000068567	                     -nan(ind)
0.89800000000000068656	                     -nan(ind)
0.89900000000000068745	                     -nan(ind)
0.90000000000000068834	                     -nan(ind)
0.90100000000000068923	                     -nan(ind)
0.90200000000000069011	                     -nan(ind)
0.90300000000000069100	                     -nan(ind)
0.90400000000000069189	                     -nan(ind)
0.90500000000000069278	                     -nan(ind)
0.90600000000000069367	                     -nan(ind)
0.90700000000000069456	                     -nan(ind)
0.90800000000000069544	                     -nan(ind)
0.90900000000000069633	                     -nan(ind)
0.91000000000000069722	                     -nan(ind)
0.91100000000000069811	                     -nan(ind)
0.91200000000000069900	                     -nan(ind)
0.91300000000000069988	                     -nan(ind)
0.91400000000000070077	                     -nan(ind)
0.91500000000000070166	                     -nan(ind)
0.91600000000000070255	                     -nan(ind)
0.91700000000000070344	                     -nan(ind)
0.91800000000000070433	                     -nan(ind)
0.91900000000000070521	                     -nan(ind)
0.92000000000000070610	                     -nan(ind)
0.92100000000000070699	                     -nan(ind)
0.92200000000000070788	                     -nan(ind)
0.92300000000000070877	                     -nan(ind)
0.92400000000000070965	                     -nan(ind)
0.92500000000000071054	                     -nan(ind)
0.92600000000000071143	                     -nan(ind)
0.92700000000000071232	                     -nan(ind)
0.92800000000000071321	                     -nan(ind)
0.92900000000000071410	                     -nan(ind)
0.93000000000000071498	                     -nan(ind)
0.93100000000000071587	                     -nan(ind)
0.93200000000000071676	                     -nan(ind)
0.93300000000000071765	                     -nan(ind)
0.93400000000000071854	                     -nan(ind)
0.93500000000000071942	                     -nan(ind)
0.93600000000000072031	                     -nan(ind)
0.93700000000000072120	                     -nan(ind)
0.93800000000000072209	                     -nan(ind)
0.93900000000000072298	                     -nan(ind)
0.94000000000000072387	                     -nan(ind)
0.94100000000000072475	                     -nan(ind)
0.94200000000000072564	                     -nan(ind)
0.94300000000000072653	                     -nan(ind)
0.94400000000000072742	                     -nan(ind)
0.94500000000000072831	                     -nan(ind)
0.94600000000000072919	                     -nan(ind)
0.94700000000000073008	                     -nan(ind)
0.94800000000000073097	                     -nan(ind)
0.94900000000000073186	                     -nan(ind)
0.95000000000000073275	                     -nan(ind)
0.95100000000000073364	                     -nan(ind)
0.95200000000000073452	                     -nan(ind)
0.95300000000000073541	                     -nan(ind)
0.95400000000000073630	                     -nan(ind)
0.95500000000000073719	                     -nan(ind)
0.95600000000000073808	                     -nan(ind)
0.95700000000000073896	                     -nan(ind)
0.95800000000000073985	                     -nan(ind)
0.95900000000000074074	                     -nan(ind)
0.96000000000000074163	                     -nan(ind)
0.96100000000000074252	                     -nan(ind)
0.96200000000000074341	                     -nan(ind)
0.96300000000000074429	                     -nan(ind)
0.96400000000000074518	                     -nan(ind)
0.96500000000000074607	                     -nan(ind)
0.96600000000000074696	                     -nan(ind)
0.96700000000000074785	                     -nan(ind)
0.96800000000000074873	                     -nan(ind)
0.96900000000000074962	                     -nan(ind)
0.97000000000000075051	                     -nan(ind)
0.97100000000000075140	                     -nan(ind)
0.97200000000000075229	                     -nan(ind)
0.97300000000000075318	                     -nan(ind)
0.97400000000000075406	                     -nan(ind)
0.97500000000000075495	                     -nan(ind)
0.97600000000000075584	                     -nan(ind)
0.97700000000000075673	                     -nan(ind)
0.97800000000000075762	                     -nan(ind)
0.97900000000000075850	                     -nan(ind)
0.98000000000000075939	                     -nan(ind)
0.98100000000000076028	                     -nan(ind)
0.98200000000000076117	                     -nan(ind)
0.98300000000000076206	                     -nan(ind)
0.98400000000000076295	                     -nan(ind)
0.98500000000000076383	                     -nan(ind)
0.98600000000000076472	                     -nan(ind)
0.98700000000000076561	                     -nan(ind)
0.98800000000000076650	                     -nan(ind)
0.98900000000000076739	                     -nan(ind)
0.99000000000000076827	                     -nan(ind)
0.99100000000000076916	                     -nan(ind)
0.99200000000000077005	                     -nan(ind)
0.99300000000000077094	                     -nan(ind)
0.99400000000000077183	                     -nan(ind)
0.99500000000000077272	                     -nan(ind)
0.99600000000000077360	                     -nan(ind)
0.99700000000000077449	                     -nan(ind)
0.99800000000000077538	                     -nan(ind)
0.99900000000000077627	                     -nan(ind)
1.00000000000000000000	                     -nan(ind)
